n = 2 0.7465946883 0.2864594283 1.2631578947 2.8042191325 -19.2448713255
n = 3 0.7468145842 0.2857539965 3.9748427673 4.0574495156 9.0897287043
n = 4 0.7468243265 0.2857198254 2.0472848847 3.4509852799 0.9220485107
n = 5 0.7468241268 0.2857155443 3.0886190193 3.7088410791 1.1462063445
n = 6 0.7468241329 0.2857146571 2.4116889285 3.5921379211 1.3298098528
n = 7 0.7468241328 0.2857144179 2.8076823087 3.6434274583 1.3003438200
n = 8 0.7468241329 0.2857143396 2.5600801699 3.6206081804 1.3024781038
